3618 0.14 4.86
4021 0.09 4.91
4423 0.06 4.94
4825 0.04 4.96
5227 0.03 4.97
5629 0.02 4.98
6032 0.01 4.99
6433 0.01 4.99
6836 0.00 5.00
7238 0.00 5.00
7641 0.00 5.00
8043 0.00 5.00
8444 0.00 5.00
8847 0.00 5.00
9249 0.00 5.00
9651 5.00 0.00
10053 5.00 0.00
10456 5.00 0.00
10858 5.00 0.00
11260 5.00 0.00
11663 5.00 0.00
12065 5.00 0.00
12467 5.00 0.00
12869 5.00 0.00
13272 5.00 0.00
13674 5.00 0.00
14076 5.00 0.00
14479 5.00 0.00
14881 5.00 0.00
15284 5.00 0.00
15685 5.00 0.00
16088 5.00 0.00
16490 5.00 0.00
16892 5.00 0.00
17295 5.00 0.00
17697 4.38 0.62
18100 2.93 2.07
18502 1.96 3.04
18904 1.31 3.69
19306 0.87 4.13
19708 0.59 4.41
20111 0.39 4.61
20513 0.26 4.74
20916 0.18 4.82
21318 0.12 4.88
21721 0.08 4.92
22123 0.05 4.95
22525 0.03 4.97
22928 0.02 4.98
23329 0.01 4.99
23732 0.01 4.99
24134 0.01 4.99
24537 0.00 5.00
24939 0.00 5.00
25341 0.00 5.00
25744 0.00 5.00
26146 0.00 5.00
26548 0.00 5.00
26950 0.00 5.00
